-0.0252058
0.326291
-1.07404
0.415898
0.280984
-0.808054
-0.102992
-0.517695
0.490278
-1.20539
0.466709
0.268499
-1.1637
-0.608949
1.09781
-1.20068
-0.946717
-0.122053
0.989809
0.692877
-1.11259
-0.652479
-1.03139
0.808018
-0.510304
-0.813046
-0.292015
-1.1125
0.431592
-1.23137
0.931802
-0.994955
0.289758
-0.0663295
0.679834
0.110408
-1.23915
0.293095
0.962923
-0.173712
-1.18605
0.519839
0.249767
-0.257761
1.0273
-0.146615
-1.20385
-0.660097
0.352731
-0.966701
-0.901141
-1.11842
0.0913348
-1.23553
0.452437
-0.258439
-0.424498
1.14298
-0.393627
-1.15019
-0.696809
-0.741856
-1.06778
0.275828
-0.853961
-0.261359
-1.22507
-0.930798
-0.142218
-0.48694
1.21256
-1.10263
-1.12583
0.356601
-0.918825
-0.230021
0.868703
0.667284
0.209717
-0.273443
-1.24701
-0.0105714
1.18545
-0.365894
0.420942
0.565868
-1.22208
1.16619
0.198689
-1.05258
0.996243
-0.31248
-0.468561
-1.00676
-1.02973
-0.558642
-1.20513
-1.00873
-1.21372
1.1906
-0.443923
-1.22196
-1.19545
1.21518
-0.365667
0.914816
1.09073
-1.22893
0.180467
0.823788
-0.192524
0.113169
0.524811
1.21968
-1.00225
0.67923
0.776453
-1.18752
1.00425
0.984906
-0.748315
0.464741
-1.06649
-0.602564
-0.66154
0.948144
0.721738
-0.944057
0.401624
1.18308
-0.106225
-0.647486
0.169347
-1.24918
1.20885
1.20649
-1.21833
-0.176546
-1.24907
0.739265
-1.18942
-0.66927
-0.472373
0.705912
-1.23559
-1.04474
0.135817
-0.846143
-0.986703
-0.763431
-1.07822
-0.240958
-0.9397
0.4073
0.121018
0.526593
0.0518184
0.293445
-0.590931
-1.16667
-0.257303
1.18522
1.19807
0.623789
0.082835
0.444512
-1.22429
1.1995
1.01117
-1.1753
-1.24935
1.19482
-0.638847
-0.628705
0.917775
1.11134
-1.20358
1.21473
1.21099
-0.181587
-0.501737
-1.2227
-0.893714
-0.469432
1.11045
1.16665
-0.531247
-0.30491
-0.303031
-0.111258
0.657875
-0.968967
-1.10851
-0.0342218
1.05721
1.19716
1.1016
0.711735
0.964405
0.855325
