0.569427
0.321518
-0.89858
0.0853903
-0.892773
0.999765
-0.696856
-0.773471
0.728425
-0.713024
-0.40042
-0.339489
-0.838267
-0.747858
-0.403077
0.76118
0.975762
-0.832033
-0.646579
-0.810768
-0.844032
0.524565
0.869347
-0.51299
-0.510645
-0.435706
-0.134283
-0.93901
0.656864
1.05553
1.0166
1.05812
0.408046
-0.318029
-0.0730725
0.0231667
-0.888852
0.115134
0.522926
-0.657544
-0.894537
1.05706
0.598412
1.08157
-0.692154
0.530901
0.995948
-0.72795
-0.734096
0.96193
-0.426284
0.239596
-0.897127
-0.341661
-0.0706467
0.942483
0.990477
0.174407
-0.875374
-0.50379
0.74119
-0.819213
0.478833
-0.198332
-0.969818
0.421622
-0.562461
0.753634
-0.0684451
0.62375
0.120445
-0.180377
0.257547
-0.938952
-0.070717
0.13161
0.947204
0.350397
0.225925
0.994551
-0.929601
0.997552
1.04859
0.535167
-0.500014
0.0200254
0.909183
0.868865
0.497762
0.579074
-0.596621
0.615012
-0.91429
-0.624616
0.209932
-0.237836
1.04868
0.637017
0.726173
-0.567092
0.583978
-0.0860075
-0.962329
1.00855
0.852952
-0.779687
0.826845
0.373322
-0.146637
-0.928732
1.01292
-0.830542
0.778202
0.572711
0.592132
-0.318852
-0.499074
0.757557
-0.3339
-0.947046
-0.563256
0.988644
0.433391
0.781367
-0.904315
0.371934
-0.139153
0.355491
-0.753053
-0.859862
-0.910515
0.96928
0.459079
1.06606
0.957955
-0.800666
1.09147
0.802267
1.03488
-0.826712
-0.688192
0.39756
0.725912
-0.224534
-0.0632714
-0.775026
-0.274109
-0.660168
-0.850504
-0.314795
-0.863002
1.07513
-0.349592
0.990617
0.475976
-0.775484
0.980413
-0.0105955
0.816911
-0.89744
0.885389
0.0457283
-0.186504
0.862499
-0.593391
-0.742586
0.809794
0.597785
0.886739
0.0908764
-0.746927
-0.857574
0.752319
0.855044
-0.0634812
0.441898
-0.824746
0.282042
0.557941
-0.129339
-0.959198
-0.794813
0.507986
0.871955
1.0502
-0.144803
0.214805
-0.623994
0.829127
0.0598567
0.957286
0.668153
0.572044
0.104005
-0.922961
0.743013
-0.793667
-0.0606305
-0.5126
-0.206541
0.00894851
0.466635
-0.218547
0.0834568
1.05789
-0.104976
0.922354
0.667031
0.461012
-0.514303
0.900287
-0.818723
-0.219918
-0.489022
0.854709
-0.888724
-0.95884
0.29225
0.894483
-0.285566
-0.0807233
-0.732204
0.356677
-0.86583
0.927126
-0.877702
-0.744957
-0.960906
0.660702
0.665765
-0.71348
-0.85679
0.580086
0.979899
0.420082
-0.909696
0.0153863
0.41264
0.51004
-0.666105
0.428293
-0.842707
-0.545131
0.353065
0.0209141
0.975886
-0.939008
0.239263
1.05778
-0.37636
-0.593292
0.99999
1.0377
-0.0759468
-0.609915
0.389974
-0.794162
0.653341
0.632482
1.08264
-0.908521
-0.647636
1.00222
-0.825483
0.164088
0.747803
-0.76314
1.01432
0.971955
-0.83165
-0.276194
0.151839
-0.776783
-0.839206
-0.771082
0.638512
0.738257
-0.866342
-0.0958712
-0.460052
0.0161333
0.297633
-0.932054
-0.969756
0.781256
-0.66397
0.957721
-0.116524
-0.246581
1.02858
0.8494
0.880128
-0.257082
0.810227
0.586748
0.431484
0.575435
0.727934
-0.61589
-0.229584
0.287099
0.0161988
0.229033
0.572407
0.444163
-0.665997
-0.989092
0.557214
1.00654
0.240421
0.130831
0.177938
0.960412
0.873319
-0.325676
-0.540268
0.101814
-0.887595
0.971359
0.0380615
-0.930985
0.531504
-0.463267
-0.905741
0.660632
-0.595992
-0.046196
0.331394
-0.909617
0.853816
-0.743475
0.318725
0.00999131
0.685943
0.586765
-0.298996
-0.372904
0.697803
-0.489612
1.01635
1.01314
-0.654628
-0.374011
0.885101
0.962531
0.352412
0.0121672
-0.872709
0.98618
0.81138
1.08636
-0.127257
0.357999
-0.911275
0.107583
-0.886969
0.562786
-0.919362
-0.939035
0.885945
-0.370213
0.498437
1.03196
-0.954579
-0.708171
0.669
0.535734
-0.8906
1.005
-0.730931
-0.592223
0.982571
-0.923285
0.301908
-0.907597
-0.948988
-0.196514
0.294342
0.17723
-0.732635
-0.865413
0.512468
0.599081
-0.18672
0.0743149
0.712441
0.430377
-0.983104
1.01398
0.557139
0.949341
0.350499
0.189399
0.562893
0.644253
-0.675497
-0.047921
-0.875996
-0.976778
0.949595
0.968718
-0.667343
0.970104
0.97268
0.774207
0.899294
0.966322
-0.0316729
0.705571
0.607825
0.693483
-0.502516
-0.403255
0.756048
-0.481893
-0.106687
0.748932
0.433258
0.520626
-0.577063
-0.73392
-0.812847
-0.945293
-0.895043
0.618318
-0.958563
-0.899895
0.233663
-0.590074
-0.0307855
-0.218426
0.788298
1.05255
-0.702967
0.416908
0.298305
0.389783
0.339926
-0.40288
0.633185
-0.00848164
1.05805
0.245765
0.192472
0.61621
0.622754
0.935467
-0.933369
0.841024
-0.922987
0.0568767
0.984605
-0.740233
-0.875125
1.06911
0.385896
1.03203
-0.733716
-0.352705
0.75968
-0.925398
-0.856487
-0.980225
-0.38942
0.883632
0.93979
-0.874171
1.02829
1.0944
0.45561
0.0784861
-0.472617
-0.819762
0.504447
-0.95585
-0.25465
-0.886867
0.503491
-0.936419
0.703213
0.384467
0.954807
0.402943
-0.0356533
-0.536038
0.894773
0.477672
1.02435
-0.380468
0.177122
-0.921886
0.288116
0.497957
0.770404
0.828024
-0.910636
0.902628
0.218104
-0.865124
0.881104
0.996172
0.437522
1.01748
-0.436682
0.389273
-0.205007
-0.853542
-0.0713543
-0.975828
-0.920928
0.597009
-0.861345
0.532021
-0.639856
-0.0882166
-0.923093
0.153921
0.820919
0.813613
-0.780343
-0.592056
-0.657776
0.406193
-0.189721
0.963174
-0.303356
0.569872
-0.0579288
-0.207003
0.239877
-0.755902
0.351586
-0.288756
-0.985789
0.712456
-0.506763
-0.209692
0.118253
-0.031524
-0.507422
-0.713372
-0.898887
0.55585
0.965196
0.611269
-0.570387
0.096114
-0.230746
0.936809
-0.899133
0.689081
0.914696
-0.654458
-0.349161
-0.548168
-0.605368
-0.839139
0.889613
0.669468
0.52368
1.00805
0.205925
0.58886
-0.733679
-0.819018
-0.891684
-0.312731
0.876359
0.722963
-0.848268
-0.406202
-0.25356
-0.13662
1.058
0.315519
0.512641
-0.93455
0.340215
0.980195
-0.288601
0.124314
1.00667
0.901446
-0.339197
0.714004
0.17199
0.699382
0.761657
-0.930805
-0.607202
-0.781262
1.00288
-0.232253
-0.596039
-0.446735
-0.468554
0.191144
-0.0103531
-0.848085
0.232589
1.05597
-0.584902
-0.910418
-0.404572
0.179823
-0.247107
-0.675675
0.957648
1.00119
-0.70002
0.899305
0.47491
0.985196
0.116242
0.769455
0.693514
-0.695651
1.01464
0.0349847
-0.862674
-0.566559
-0.958231
-0.859404
1.05795
-0.85788
-0.4003
0.996712
-0.863833
0.147214
1.02317
-0.594537
0.317932
0.278641
-0.121639
1.00897
0.0686929
0.852791
-0.876552
0.0596352
-0.227893
0.458184
1.03193
-0.090922
0.0623083
-0.442935
-0.565546
0.993053
-0.962265
0.653954
0.0566132
-0.691271
-0.871869
-0.858699
-0.855583
-0.665657
0.490544
-0.389549
1.03892
1.05738
0.904435
-0.371103
0.599215
-0.413227
0.734816
0.724889
-0.545515
-0.408071
-0.964816
-0.418686
0.0866323
-0.153893
-0.649151
0.10794
-0.336186
-0.874644
1.00551
0.78527
1.01954
-0.544825
-0.630168
-0.421763
0.298609
0.0150242
-0.127962
0.962416
-0.416602
-0.24986
0.177941
-0.876133
0.403437
0.249545
-0.484476
0.378483
0.71079
0.976323
-0.102628
-0.0924528
-0.859123
0.726396
-0.842202
-0.674754
1.06889
0.963916
0.56197
0.0819714
0.251491
0.95449
0.757783
-0.977572
0.0386632
1.06602
-0.00256463
-0.0435401
1.04169
0.0184838
1.00642
0.813783
-0.0828772
1.04689
1.05355
1.01062
0.295571
0.899843
0.5746
0.797981
0.924914
0.26932
0.708915
0.631201
-0.657333
0.427455
0.964287
0.415245
0.0329602
-0.650011
0.818488
-0.295854
1.00374
0.855788
-0.875113
-0.920247
0.36141
0.972288
-0.897911
0.0609652
-0.756737
-0.0871527
0.720101
-0.927175
0.801888
-0.790604
-0.24494
-0.00891907
0.472665
0.661485
0.158212
-0.731262
0.274567
0.0580681
0.82359
-0.558727
-0.473114
0.71278
0.0111521
1.0684
-0.75276
0.590998
0.850993
0.391553
0.870138
0.598628
0.358116
-0.333389
0.356377
-0.686059
-0.000878066
-0.764442
0.321934
-0.522334
0.281205
1.00778
0.0855004
0.681916
0.457906
0.241233
0.34723
-0.540019
0.478513
-0.530983
-0.612905
-0.09822
0.45365
0.952098
0.8543
-0.00910725
-0.445426
-0.384369
-0.353601
-0.0299158
-0.720968
-0.29055
1.05099
-0.672687
-0.722077
0.196388
-0.218325
0.528882
0.422478
-0.309319
0.588192
-0.792343
-0.979503
-0.775967
-0.300652
-0.513897
0.0585231
-0.391552
-0.258825
-0.16661
-0.907435
-0.346242
-0.493707
0.740915
0.957427
-0.905471
-0.0649378
-0.14875
-0.924295
-0.966174
0.993304
-0.673347
-0.820413
-0.929675
-0.0807899
0.0156677
-0.250223
0.423602
-0.239699
-0.895071
0.824608
0.991519
-0.262194
-0.560711
1.06831
-0.269438
-0.679415
1.01788
1.06786
0.531389
0.655867
-0.942034
0.187037
0.558467
0.54428
0.123452
0.421657
0.501171
-0.197723
-0.283991
-0.600551
-0.683881
0.328838
-0.788442
0.685264
-0.927101
0.169788
0.605899
-0.181651
-0.914652
-0.834032
1.06478
-0.922969
0.0279291
1.02215
0.879749
-0.112104
-0.188994
0.94357
0.858567
-0.512521
0.0303698
0.838904
-0.690171
-0.116616
0.825872
1.02178
-0.659118
-0.865019
-0.863077
0.0517328
1.00168
0.894391
-0.603651
-0.544541
-0.963619
-0.667939
-0.478502
-0.382627
0.322744
-0.535824
0.81675
-0.870967
0.972228
0.0630299
0.611517
-0.602015
-0.632125
-0.239895
0.359714
-0.421144
-0.118046
-0.713152
-0.60731
-0.910506
-0.920594
0.493209
0.308642
-0.12704
-0.0554688
0.162231
0.948695
-0.0574073
0.597344
0.493167
-0.844827
0.00306396
0.811574
-0.159442
1.08433
-0.788307
0.666767
0.864673
0.01981
0.916196
0.77545
0.1596
-0.212908
1.08524
0.783482
0.193891
-0.479956
1.00657
-0.867725
0.536901
1.05615
0.144506
-0.910875
-0.686474
1.09205
0.477746
1.08046
-0.833164
0.979178
0.163149
-0.392406
-0.348351
0.687857
-0.536031
0.962114
0.63512
0.289269
0.32986
0.910049
0.922244
-0.0893312
0.475769
-0.418426
0.34984
-0.630592
0.239107
-0.89219
0.714814
-0.704806
-0.951541
-0.555563
-0.664821
0.723651
0.561158
0.503714
-0.383414
0.617464
0.88478
-0.723375
-0.554089
-0.0833872
-0.506904
0.749686
0.155872
-0.729622
0.795459
-0.397675
-0.348221
0.865402
-0.854046
0.013503
-0.107252
0.0514724
0.991424
0.738547
0.583718
1.05153
-0.663699
0.987907
0.996289
0.866495
-0.338382
0.969488
0.882746
0.365498
-0.296472
1.06342
-0.31257
-0.902856
0.882338
0.230401
-0.744814
-0.813029
0.86707
0.98075
0.456741
-0.301856
-0.473883
-0.291051
0.927483
-0.0136523
-0.00719514
0.963247
0.0789334
0.55067
0.387662
-0.26917
-0.314327
-0.922925
0.561935
0.487786
-0.912726
-0.241904
0.276538
-0.127037
1.07979
0.912642
1.06271
0.687969
1.0321
0.906531
-0.0950143
0.253386
0.99066
-0.134422
-0.870441
-0.425769
0.856122
-0.122954
0.890355
-0.418525
-0.417522
0.372733
0.213001
0.996313
-0.805491
0.115806
-0.600582
0.620655
1.01771
-0.893709
0.871459
0.963793
-0.485774
1.03853
0.454749
-0.693207
0.596881
0.287717
1.05837
-0.25925
-0.338392
0.924461
0.547069
-0.839268
-0.874868
-0.961705
-0.874643
-0.523435
-0.87487
-0.225537
0.926868
1.02291
-0.106252
-0.415726
-0.00269663
-0.0328333
-0.436319
-0.722736
0.927095
1.02639
0.813761
-0.525816
-0.736607
1.01565
-0.0982688
1.02638
-0.626721
-0.913674
-0.038522
0.365896
1.05547
0.642431
0.602682
0.393507
0.2287
-0.888618
-0.769162
-0.90837
-0.0757256
1.07454
-0.975324
0.863487
-0.689772
1.01872
-0.760608
0.532553
-0.30283
-0.946362
0.373159
0.658871
0.980451
0.606364
-0.596875
-0.530305
-0.877252
-0.958546
0.298091
0.803211
-0.93669
0.91025
0.10484
0.459917
0.0586134
-0.881468
1.08345
-0.489695
0.273374
0.478025
0.811495
0.982463
0.645363
0.854023
-0.361786
-0.310557
0.35066
-0.883825
-0.418294
0.0400112
0.859937
0.0334389
-0.840647
-0.788793
-0.511685
-0.872048
-0.934043
0.242576
0.431807
0.882736
1.01786
1.0404
-0.991901
-0.717207
-0.823264
0.865177
0.698994
0.745215
0.915147
0.41817
-0.591672
0.599501
0.826055
-0.940392
1.06325
0.757281
-0.329668
-0.162906
-0.805911
0.117026
0.00102338
-0.70233
-0.43744
0.772031
0.68401
0.160828
1.01588
-0.393932
-0.761248
-0.121927
0.648877
-0.979421
0.976707
-0.936815
-0.167555
-0.86004
-0.627314
1.03627
0.893402
1.01724
0.486236
0.211733
0.562615
0.988282
-0.225506
0.746197
0.947359
-0.828314
-0.235496
1.04841
0.997264
1.09388
0.274729
0.307454
-0.64747
0.293306
0.19484
0.954168
0.233971
0.694828
0.989235
0.58793
0.937514
-0.0940805
-0.977028
0.860597
0.966386
-0.241355
-0.613338
-0.933737
-0.468678
0.125966
-0.820177
0.709186
-0.0523602
-0.935498
-0.74398
-0.251742
0.751127
0.513081
1.05695
-0.553696
-0.890363
0.988088
0.40474
0.908113
-0.227378
0.765668
0.611091
0.412854
0.150402
0.815085
0.854155
0.794603
-0.0129855
-0.957838
0.495321
-0.968178
0.615671
0.540655
-0.846683
0.320309
-0.309049
-0.00566125
1.08566
-0.966277
-0.188922
1.02391
-0.218577
-0.195562
-0.850349
1.08648
1.06058
0.052109
0.0162783
0.0317136
0.819096
-0.0625261
-0.137789
0.38993
-0.909076
-0.940435
0.234918
0.903397
1.01975
1.04085
0.377982
-0.815698
0.0505691
0.747011
1.04066
-0.900523
0.856603
-0.109469
0.175012
-0.454364
-0.208283
0.858126
0.808388
0.276325
0.351251
0.994664
-0.00619501
1.03359
0.991763
0.520769
-0.745526
-0.652661
-0.378227
-0.860081
0.425409
1.06835
0.415706
-0.870908
1.00522
0.847337
0.584536
-0.938659
0.246619
-0.403389
-0.995829
-0.365899
-0.354728
-0.574197
-0.804405
-0.782777
-0.590547
0.422723
-0.168059
0.593024
0.120876
-0.727455
-0.747722
0.11674
-0.901617
-0.219295
-0.539065
0.468312
1.02532
-0.870532
-0.761033
-0.341808
-0.946603
1.05451
0.0542604
0.947497
1.07274
0.622716
0.180851
0.95385
0.505053
0.614848
-0.0480754
0.948311
-0.0995815
0.352896
0.678451
-0.474107
1.00676
-0.864692
-0.690269
0.150636
0.977632
0.0695073
-0.884128
0.535769
-0.810213
-0.133195
1.05746
0.952946
-0.423313
0.794442
-0.581302
0.853755
-0.788166
-0.456448
0.434077
-0.51376
1.0937
-0.933206
-0.909458
0.798521
0.116204
-0.627444
-0.486367
-0.960935
0.999362
-0.974929
0.713149
-0.0507423
0.566253
-0.0748534
-0.770035
-0.943896
1.06789
-0.0516836
0.966089
-0.787029
-0.679761
0.898769
0.482374
-0.0295438
-0.565136
-0.753704
-0.756721
0.656339
0.634997
0.116516
-0.585859
-0.949173
0.359195
-0.706826
-0.300373
0.999454
-0.436816
0.233402
-0.640312
-0.534232
1.02529
0.603359
-0.247339
1.05357
-0.706402
0.587441
-0.726562
-0.782364
0.800561
-0.819625
0.389478
-0.483423
0.570498
0.517226
-0.0367154
-0.430892
-0.113255
-0.247547
-0.878481
0.335814
-0.922946
0.746558
0.0663089
-0.474159
-0.955267
0.721466
1.01266
-0.762204
-0.454042
-0.352291
-0.951567
0.775858
0.840689
-0.595369
-0.55477
-0.581127
-0.898819
-0.795027
-0.912112
0.986939
0.484887
0.178649
1.07633
-0.11886
-0.408712
-0.354171
-0.657678
1.00248
1.05388
0.92655
-0.505251
-0.500118
-0.249159
1.00377
-0.781322
-0.146849
0.894801
-0.944772
-0.962773
-0.265755
0.868052
-0.346096
0.664614
1.0848
0.675376
-0.922278
0.404804
-0.885529
0.188367
-0.943678
-0.384542
0.910077
0.000950768
0.443093
0.609091
-0.0553614
-0.851453
1.0365
0.781846
1.04182
0.820075
-0.750323
1.00836
-0.349685
0.538492
-0.258267
-0.343757
0.92935
0.284472
-0.759322
-0.270891
-0.267612
-0.536246
-0.924206
-0.904907
0.746464
0.740822
-0.840648
-0.855651
1.04752
-0.0767277
1.00021
1.02046
-0.0591487
0.974276
1.04123
1.02381
1.08096
-0.54221
0.171511
-0.369602
0.921888
-0.945054
0.758839
0.496862
1.07597
0.548907
0.890658
0.877164
-0.669784
-0.981328
0.914325
0.978002
-0.881123
-0.0778975
0.329614
-0.492879
-0.472185
-0.263026
0.874015
0.799123
0.682914
0.350459
-0.369957
0.256774
0.999727
-0.242567
-0.720964
0.869206
-0.326311
-0.417491
1.00605
-0.553676
0.747186
0.992409
-0.95479
0.756238
-0.982073
0.785819
-0.321846
0.389499
-0.876238
0.384252
0.0132392
1.0251
1.08023
-0.867258
-0.713975
0.365922
-0.111305
-0.444516
0.795311
-0.398204
-0.690423
-0.23717
0.996997
-0.921693
0.00911149
0.0521397
-0.31864
-0.593502
-0.967116
-0.953741
-0.877153
-0.788369
-0.917344
0.521894
1.00719
-0.832146
0.640976
-0.731768
-0.127477
-0.237628
-0.913498
-0.191757
-0.449137
-0.877989
0.974024
-0.152318
1.07285
-0.488392
-0.605079
-0.144353
0.961762
0.746468
-0.860764
0.997392
-0.697766
-0.504261
0.195008
-0.932211
1.01793
-0.77893
-0.902562
-0.536508
0.950242
-0.256229
0.171118
0.612639
-0.655032
-0.894113
-0.543837
0.350235
0.226402
-0.70581
0.367776
0.185154
-0.120232
0.935225
-0.318243
-0.949431
0.999283
-0.113026
0.889164
-0.95956
1.02674
0.739747
0.712308
-0.874467
-0.185429
-0.0243715
0.981303
1.06652
-0.653761
0.691117
0.30422
-0.150701
-0.533062
-0.925631
-0.645696
1.05005
0.55117
-0.961448
0.177429
-0.22317
-0.964298
0.816963
-0.542285
-0.0323062
0.119976
0.246366
1.04666
-0.916195
0.994642
-0.0545354
-0.638842
1.00757
0.079043
1.05534
-0.712202
1.02887
0.529777
-0.672245
0.306292
0.439573
-0.70081
0.398059
-0.677861
0.00554171
-0.114994
0.762683
-0.380369
-0.321087
1.01406
-0.991619
0.992311
0.404698
-0.447098
1.01196
0.716597
0.877625
0.000860789
-0.873047
-0.782032
0.881258
0.980652
-0.0299334
0.989395
0.913499
1.0251
0.576533
-0.780745
0.222306
0.40011
-0.595506
0.0951126
-0.53033
-0.871674
-0.749789
-0.446754
0.54666
-0.163931
0.914453
-0.029742
-0.153877
0.914975
-0.884892
-0.442062
0.408183
0.464843
0.933033
-0.971398
-0.0618481
-0.89695
-0.811301
0.19965
-0.814179
-0.237828
-0.898335
1.04167
0.994598
0.957658
0.548467
1.01208
0.716447
-0.886872
0.936539
0.968088
-0.685203
-0.186628
0.87291
-0.774804
0.97035
-0.064714
0.906608
0.572059
-0.330628
0.11734
-0.495396
-0.344097
1.09206
-0.596178
0.0876376
-0.700391
-0.897716
0.842448
0.499427
-0.830502
0.994442
0.979717
0.0141065
-0.202182
-0.16422
0.37521
-0.843304
-0.842817
0.429697
0.853871
-0.898527
1.08179
-0.629183
0.987318
0.930918
0.155978
0.069737
1.00351
-0.22206
0.0393755
-0.75516
0.394479
-0.114868
0.759461
-0.835552
-0.00171578
-0.434356
1.00592
-0.128072
0.994703
-0.25784
0.0103915
0.303936
-0.847932
0.359896
0.308636
-0.561442
-0.0216198
-0.350938
0.479834
-0.928599
0.452772
0.243673
-0.856008
-0.382748
0.98267
-0.909353
-0.662251
-0.0438868
0.896545
0.636698
-0.854108
-0.436158
-0.723226
0.675532
-0.320634
-0.593957
-0.196894
-0.813704
0.436472
-0.965071
0.826128
-0.77624
0.261007
0.0371926
0.608284
0.129567
-0.97484
0.300357
0.819262
-0.0832152
-0.951334
0.497105
0.284487
-0.125594
0.911789
-0.095844
-0.930908
-0.428475
0.331136
-0.739677
-0.705793
-0.847701
0.113803
-0.900253
0.405454
-0.171029
-0.263874
1.02319
-0.248787
-0.895507
-0.404912
-0.539721
-0.768245
0.237695
-0.607793
-0.13256
-0.967988
-0.669281
-0.0644633
-0.285724
1.08546
-0.841617
-0.852532
0.304456
-0.663892
-0.115714
0.759679
0.61396
0.260964
-0.201122
-0.998043
0.0620653
1.04938
-0.256512
0.431509
0.557711
-0.919198
0.983224
0.229464
-0.785982
0.832166
-0.197403
-0.358932
-0.736622
-0.809123
-0.37317
-0.897913
-0.733185
-0.906229
1.04993
-0.290972
-0.960975
-0.949816
1.02556
-0.211204
0.846995
0.937805
-0.962181
0.23855
0.743478
-0.105053
0.15212
0.542563
1.03436
-0.706981
0.502453
0.708326
-0.89338
0.843298
0.89577
-0.549683
0.451437
-0.848869
-0.349857
-0.444943
0.794376
0.666012
-0.715941
0.363901
1.04095
0.0288298
-0.431302
0.236791
-0.944977
1.07899
1.07777
-0.936275
-0.0584678
-0.926552
0.633624
-0.900993
-0.517452
-0.323654
0.6459
-0.926385
-0.736833
0.209693
-0.66825
-0.75125
-0.543381
-0.817582
-0.133773
-0.676628
0.399045
0.143793
0.4979
0.0901636
0.321193
-0.460529
-0.920438
-0.0967285
0.973988
1.02081
0.52956
0.12414
0.41439
-0.968457
1.02664
0.856355
-0.917663
-0.935735
1.07652
-0.35116
-0.438973
0.806156
0.931481
-0.867311
1.07207
1.03235
-0.0627327
-0.323405
-0.916795
-0.621031
-0.300401
0.935741
0.964839
-0.35383
-0.159343
-0.152552
-0.0731695
0.594552
-0.735636
-0.778508
0.0771885
0.931701
1.00487
0.908372
0.615953
0.843233
0.769713
