0.0605656
-0.601482
-0.197881
0.62877
-0.125734
-0.502421
0.54621
0.524187
-0.384411
0.404863
-0.0431056
0.58438
-0.828314
-0.84988
-0.673153
-0.400442
0.811308
0.419372
-0.700575
0.53088
-0.751437
-0.992543
0.103027
0.996399
-0.682016
-0.677644
-0.923621
-0.148277
0.692255
0.775209
-0.470575
-0.458434
0.905333
0.350263
0.620433
-0.63208
-0.811088
0.631807
0.0490353
-0.238322
-0.17601
-0.488929
0.889792
0.800247
-0.0842169
0.682614
-0.4394
-0.229129
-0.0961971
0.750867
-0.68117
0.298573
-0.149086
0.359901
-0.300941
0.201433
-0.444271
0.29964
-0.128483
0.575245
-0.392205
-0.84484
0.271792
0.334699
0.495507
-0.347762
-0.251047
0.0812989
-0.92972
-0.372951
0.631988
0.33974
0.293099
-0.81396
0.613758
0.636805
0.74062
-0.968312
0.643525
-0.453171
0.485739
0.756674
-0.493605
-0.578905
-0.0591076
-0.629929
0.203534
0.10091
0.0472649
-0.576099
0.557779
-0.996697
-0.171622
0.556347
-0.333585
0.597475
0.788579
0.696559
0.870901
-0.0665653
0.688875
-0.924281
0.44951
0.116311
0.718373
-0.722732
0.0901389
0.66582
-0.652895
-0.79308
-0.464302
-0.744687
-0.551333
0.0540432
0.253144
-0.279825
-0.0619703
0.235205
0.978177
-0.792558
0.383149
0.124716
0.272414
0.0810298
0.494728
0.0300868
-0.921183
-0.597014
-0.855319
-0.111213
0.460264
0.18332
-0.356117
0.154888
0.198526
-0.722927
0.1654
-0.54935
0.805471
-0.103784
0.39678
0.0368335
0.244551
0.34007
-0.639228
0.535219
-0.03816
-0.70446
-0.824526
0.590254
0.520182
0.780927
0.583477
-0.439757
-0.986472
-0.104415
-0.492413
0.953506
0.227881
-0.112552
0.215843
-0.316792
0.600895
-0.406859
-0.870509
-0.227462
0.86129
0.251615
0.106698
-0.626662
-0.853277
-0.816612
0.709235
0.217771
0.62056
0.666068
-0.113898
0.649603
0.0521196
-0.0205504
0.453592
-0.21987
-0.367425
-0.523633
0.810128
-0.919263
-0.333657
-0.245287
0.853995
0.308313
0.190121
-0.381378
0.890485
-0.946018
0.492584
0.2315
-0.843238
0.950569
0.376305
0.966259
0.624846
0.268221
-0.286162
0.00302035
-0.481226
-0.640448
0.105915
0.060739
0.27394
-0.0652008
0.107859
0.416199
0.338164
-0.251234
-0.53408
-0.770235
-0.13195
0.290979
-0.422818
-0.0335603
-0.0174763
-0.859609
0.655369
-0.203354
0.829482
-0.187325
-0.0904359
0.451768
0.878391
0.249139
0.542196
-0.741088
0.259439
-0.430065
0.0341184
0.483433
-0.309448
0.279409
-0.581254
0.550271
0.670549
-0.826554
-0.249729
0.654886
0.942815
-0.500673
0.468014
0.0170234
0.153391
-0.670727
-0.698125
0.772702
0.130025
-0.300401
-0.868793
-0.975142
0.521855
0.697564
0.689564
0.776304
0.468695
-0.078823
-0.509025
-0.844602
0.638065
-0.55754
-0.222318
0.814693
0.122668
0.526901
-0.657433
0.93598
0.418061
-0.827263
0.404683
0.0650797
-0.396039
0.521981
-0.0160659
-0.88519
0.317998
-0.60276
-0.133768
0.468522
0.231637
-0.234627
-0.437149
-0.299221
-0.0326132
0.792895
-0.401533
0.852334
-0.0351618
0.0829693
-0.373205
0.279777
0.882712
0.0805764
-0.865721
-0.285567
0.0228108
-0.934528
0.650685
-0.5777
-0.589471
-0.705608
0.474165
-0.995614
0.767391
0.0212999
0.938593
-0.954791
-0.51767
0.210266
0.352591
-0.0616497
-0.319375
-0.131291
0.745237
-1.75124e-005
0.473235
0.892607
0.573177
0.437998
-0.386247
0.387147
-0.936849
0.915233
0.480251
0.220648
0.53249
-0.60108
-0.00280232
0.693598
-0.998513
0.594189
0.362916
-0.559554
-0.68152
0.177647
0.784776
0.546639
0.991314
-0.531492
-0.442769
-0.595806
0.628976
-0.121288
0.808681
-0.395506
0.15589
-0.0188052
0.91349
-0.148919
0.303528
-0.20227
-0.365597
-0.137595
-0.185175
0.735768
-0.902729
0.673436
0.163618
-0.140641
-0.858435
-0.563605
-0.361452
-0.133059
0.816396
0.405574
-0.702015
0.83219
-0.749932
-0.338282
-0.189521
-0.808093
-0.921303
-0.963515
0.925333
-0.225422
-0.117515
0.263838
0.884925
-0.921394
0.938158
0.0777329
0.0357115
-0.793678
0.768382
0.678194
0.838986
-0.341658
-0.616791
0.680837
0.877106
-0.855967
0.321242
-0.757872
0.46888
0.746327
0.74374
-0.855245
-0.497879
0.130369
-0.547687
0.839611
0.127598
0.948236
0.247741
0.690751
-0.388776
-0.260056
0.994425
-0.543809
0.993297
0.953758
0.0797041
-0.97736
0.0501528
-0.0669177
0.411808
-0.831283
-0.15201
-0.177485
0.0581125
-0.779621
-0.195842
-0.337699
0.558526
0.32682
0.968604
-0.54134
0.774432
-0.860868
0.90688
0.0205214
-0.349515
-0.339521
-0.0415445
0.885543
0.621449
0.805716
0.923555
0.296241
0.0635993
-0.565898
0.120837
-0.763063
0.0984145
-0.800257
0.625455
0.764441
-0.0963754
-0.750974
0.78633
-0.973537
0.1776
-0.849367
-0.0375762
-0.390409
0.465218
0.434777
-0.803682
-0.264516
-0.532321
0.105345
0.520157
0.180332
-0.47403
-0.989124
-0.623217
0.577438
-0.116286
0.674151
0.45394
-0.907052
-0.117742
0.0448968
-0.128093
0.866657
-0.591448
-0.426751
0.660123
0.947109
-0.246479
-0.526606
0.893587
-0.504208
-0.901583
0.306183
-0.788645
0.293914
0.67803
-0.547253
-0.41165
0.488171
-0.518315
-0.61046
0.517197
-0.538557
-0.458833
0.670818
-0.465858
0.990441
-0.352483
-0.65535
0.437037
0.330762
-0.147477
-0.780694
-0.370309
0.50968
-0.988161
0.552803
0.610185
-0.142582
0.928548
0.0859145
-0.5425
-0.724906
0.552672
-0.0792105
-0.349739
-0.652902
-0.506739
-0.663335
-0.370592
-0.936315
-0.657379
-0.964682
-0.715102
0.660116
-0.0355256
0.4593
-0.39068
0.573358
-0.286391
0.935189
0.323368
0.566794
0.400107
0.496869
-0.996718
0.20623
0.883996
0.56517
-0.314276
-0.281761
-0.425597
-0.163594
0.868983
-0.411201
-0.0792205
-0.27373
-0.06572
0.388421
0.414648
-0.417894
-0.558419
-0.364558
0.74475
0.928946
0.0542193
-0.217442
0.525109
0.508488
-0.0414921
-0.527569
0.867134
0.515104
0.582585
-0.661624
-0.292884
0.767689
-0.338558
0.261948
-0.815657
-0.974308
0.11485
0.58937
0.305395
0.755254
0.738165
0.986921
0.237498
-0.61627
-0.55966
-0.548254
-0.788334
0.380556
-0.719272
0.775698
-0.0237252
-0.0683547
-0.678094
-0.885638
0.924697
-0.633304
-0.730848
0.0165773
0.767192
0.56337
0.451115
-0.265667
-0.325618
-0.0306272
-0.0755297
0.829782
-0.462547
-0.221849
0.73047
0.0387542
-0.429072
-0.622
0.236415
-0.381574
-0.71057
0.179136
-0.625319
-0.12335
-0.062305
0.444443
-0.832642
0.177362
-0.206756
0.987203
0.189393
-0.209694
0.303818
0.180635
-0.242724
0.918027
0.652404
-0.644045
0.824451
0.945032
0.719475
-0.135256
-0.622887
0.971293
0.276061
0.168705
0.954664
-0.945867
0.360344
0.381904
0.754927
0.444373
-0.38503
0.313055
-0.22516
-0.759072
-0.202436
-0.195175
-0.709686
-0.586105
0.992212
-0.451539
-0.464716
0.111188
0.360883
0.883882
-0.677507
-0.554104
-0.555171
0.381944
0.992014
-0.161144
-0.270847
-0.622325
-0.295242
0.387899
-0.625234
0.980741
0.49903
0.168196
-0.548983
0.814952
-0.697018
-0.0705572
-0.892945
0.649313
0.94878
-0.919837
0.819421
-0.68146
-0.0335882
-0.322429
-0.813413
-0.596336
-0.332937
0.575609
-0.596084
0.703682
-0.439888
-0.924801
0.33137
-0.735114
0.871059
0.423959
-0.238986
0.770042
0.107247
0.0581774
-0.319284
0.922938
0.741975
0.0749918
-0.165132
0.94589
0.81135
-0.628729
-0.931626
0.133585
0.314052
0.781419
0.0904775
-0.0151114
0.812687
0.791902
0.762322
-0.964415
0.106873
0.888869
-0.402801
-0.427169
0.92517
0.703196
0.874463
-0.860021
0.899983
0.128554
0.671038
-0.628508
-0.234583
-0.404294
-0.279753
0.813021
-0.527339
-0.74766
-0.17111
0.9091
0.828977
-0.140051
-0.94322
-0.219103
-0.00926841
0.0738966
-0.754675
0.856268
-0.106945
0.972277
-0.00176635
-0.585405
-0.377333
0.636364
-0.218422
-0.961544
-0.625441
-0.397044
-0.0672851
-0.256186
-0.560174
-0.307614
0.137662
0.527925
-0.36649
0.22163
0.0354942
0.210755
0.688147
0.656262
0.981043
0.907851
-0.0756176
0.949145
-0.10006
0.282054
-0.886463
0.917969
0.820392
0.628792
0.0729513
0.674282
-0.604454
0.282365
-0.885211
-0.98153
-0.692138
0.380813
0.961557
0.902425
-0.514248
0.840461
0.945815
-0.0505929
0.989129
-0.672966
0.31738
-0.849151
0.345089
-0.487027
0.395659
0.410375
-0.613257
-0.0242164
0.261937
0.279014
0.349231
0.0570593
-0.840279
0.485566
-0.106422
0.589746
0.572578
-0.315448
0.990583
-0.665006
-0.652984
0.495128
0.984544
0.565421
0.702023
0.119021
-0.184667
-0.63773
-0.293659
-0.147623
0.457677
0.121865
0.394916
-0.198455
-0.165259
-0.298363
0.318828
-0.912553
0.0350882
-0.660285
-0.796391
0.220736
0.119054
-0.278063
0.561465
0.807132
-0.909906
0.395751
0.808726
0.764833
0.0452648
-0.559184
-0.759727
0.0167518
-0.577634
0.267464
0.308061
0.899406
-0.583088
-0.0202556
-0.662971
0.5569
0.395774
-0.347017
-0.204852
0.702075
-0.173102
0.644869
-0.377094
0.603291
-0.817821
-0.732959
0.160488
-0.758492
0.626836
0.157576
0.21942
0.615408
0.604211
0.738672
0.0891945
-0.0589599
0.311167
0.721878
-0.709824
-0.929494
0.230384
0.817646
-0.0845394
-0.119265
-0.82354
0.942449
0.8235
-0.53206
0.39161
-0.250914
-0.784355
-0.70298
0.567793
-0.0483351
-0.342254
0.372
-0.546515
0.50391
-0.445999
-0.944614
0.682758
0.379613
0.557743
-0.287751
0.906932
0.578224
0.955503
-0.0886683
-0.0727922
-0.805664
-0.168266
0.272828
0.0244085
0.958232
-0.9288
0.0124735
0.729717
0.327666
-0.375652
-0.9921
-0.834117
-0.00150585
-0.542985
-0.646316
-0.486538
-0.848516
-0.382134
0.0986814
-0.627546
-0.517165
-0.402173
-0.322417
0.343479
0.149508
0.224163
0.927519
-0.887489
0.823999
0.513049
-0.99339
0.137662
0.0120951
0.445405
0.551372
-0.472976
-0.354045
0.146834
-0.84291
-0.508853
0.932467
-0.676922
0.986259
0.870092
-0.246387
-0.520115
-0.380418
0.651936
-0.595245
0.731422
0.100322
-0.926434
-0.991788
-0.679711
0.912584
-0.861807
-0.613105
-0.13331
0.703679
-0.230211
0.473564
-0.0595377
-0.0818347
0.233264
0.0505564
0.672557
0.586578
0.692917
0.7357
-0.719471
-0.255039
0.616494
-0.689786
0.869074
0.302911
-0.0975164
0.232048
0.358299
-0.901771
0.225017
-0.210244
-0.942818
-0.0121876
0.003718
-0.42605
0.706939
-0.57052
0.809893
-0.701519
0.741807
0.180676
0.853536
-0.0372594
0.19114
0.838568
-0.593354
0.589221
0.763415
0.587021
-0.769465
-0.53193
0.919649
0.541653
-0.726481
0.726495
0.821419
0.897114
0.354364
0.370751
0.977775
0.215107
-0.935882
-0.636353
0.838298
-0.312359
0.894235
0.65917
0.971257
-0.664264
-0.754081
0.25654
0.90237
-0.173279
-0.910583
-0.970176
-0.294886
0.779957
-0.413713
0.176659
0.239994
0.813701
0.837155
0.330228
0.644574
0.112367
-0.300352
-0.124623
0.579315
-0.525693
0.613685
0.729634
-0.0449132
0.574867
0.661162
0.0189853
0.745348
-0.1111
0.304699
-0.877653
0.0574646
0.775276
-0.817356
0.0912147
-0.521028
-0.682879
0.139529
0.277807
0.403649
0.886359
0.915663
0.763952
-0.658406
0.980926
0.117055
0.262843
-0.83509
0.519271
-0.146303
-0.75869
-0.256689
0.496249
0.338194
0.728404
-0.434569
-0.643457
-0.268829
-0.00662205
0.951374
0.99469
-0.227039
0.824256
-0.436415
-0.535623
-0.883935
-0.855249
-0.438688
-0.298656
0.119578
-0.866681
-0.144822
-0.306071
0.913675
-0.490494
-0.560311
0.0583597
0.273933
-0.605316
-0.1842
-0.0931555
-0.780073
-0.301934
0.163788
0.451395
0.221365
0.551867
-0.439637
-0.211117
0.892126
-0.275885
-0.762088
-0.343678
-0.56469
0.197165
0.880605
-0.703272
0.37558
-0.816485
0.460014
0.91236
0.856828
-0.789036
-0.522826
0.634971
-0.361639
0.939504
0.505716
0.795336
-0.257955
-0.960599
0.673848
-0.542266
-0.490527
0.256169
-0.401653
-0.670074
-0.039036
0.660613
-0.819005
0.579599
0.315754
-0.416915
-0.94204
-0.104306
-0.834357
0.564263
-0.760216
-0.147
-0.332683
0.898674
-0.528214
0.801331
-0.457473
-0.15571
-0.848963
0.526015
0.718916
-0.379224
0.0756489
0.831964
0.668408
-0.872016
0.0537581
-0.535414
0.495576
-0.48501
0.701823
-0.664372
0.332459
-0.730029
-0.316959
0.622675
0.550047
0.370843
0.0872763
0.067141
-0.327714
0.790089
-0.272402
0.538146
-0.925251
0.883894
-0.174794
-0.496307
-0.761082
-0.0196796
-0.827763
0.554036
0.14712
-0.407044
0.756011
0.675783
0.925987
0.887506
0.738749
0.342574
0.870035
0.105099
-0.742282
-0.912555
0.184954
0.759038
0.156196
0.653374
-0.335636
-0.708605
0.656755
0.640081
-0.514737
0.0218105
0.0764478
0.17438
-0.371495
-0.526476
0.324949
-0.764612
0.0996031
-0.519769
0.595632
-0.0763292
-0.782523
-0.680511
-0.318943
-0.199266
-0.381669
0.950148
0.488363
0.398405
0.602087
0.0845102
0.0497761
0.768302
-0.250473
-0.200214
0.756416
0.0396866
0.0985637
-0.0243244
0.714626
-0.37342
0.666971
0.0069786
0.849881
0.855503
0.852784
-0.940887
-0.135118
-0.585688
0.459484
0.254889
0.889428
0.426292
-0.96814
0.983207
-0.00990756
0.17041
-0.178663
-0.0205692
-0.496561
0.597996
0.971386
-0.103059
-0.475117
0.806248
0.629647
-0.00386097
-0.31061
0.0885137
-0.00907889
0.965967
0.912876
0.452174
-0.158383
-0.607398
0.109778
0.786359
0.805029
0.280609
-0.212327
-0.945236
0.705742
-0.447299
0.480899
-0.537321
0.335084
0.0151842
-0.68134
-0.919078
0.71594
-0.541995
0.0246157
-0.972685
-0.435721
0.624333
-0.476187
0.807877
-0.993888
-0.087486
-0.230114
0.9894
-0.750811
0.277293
0.782873
-0.588397
-0.189597
-0.476193
0.717016
-0.576117
-0.18045
-0.338621
-0.267279
0.464769
-0.895833
0.585351
-0.696249
-0.838001
-0.842815
-0.869288
-0.591629
0.604315
0.0543378
0.310751
-0.712111
-0.719411
-0.624508
-0.201312
0.340786
-0.685752
-0.585229
0.79106
-0.207126
0.537965
0.359721
0.463819
0.797272
0.633036
-0.428668
0.135678
-0.571665
-0.613555
0.19481
0.0496215
-0.379734
0.957266
0.748051
0.324827
0.662042
-0.384702
-0.883907
0.191366
-0.208015
-0.0798837
-0.327901
0.815214
0.629644
-0.201732
-0.579101
-0.724618
0.610366
-0.452015
0.197462
-0.672663
0.855189
-0.243304
0.715645
-0.213517
-0.885042
0.898476
0.564803
0.145878
0.46312
-0.181077
0.711483
-0.94817
0.384506
0.565922
-0.174943
0.795269
0.476069
0.704141
0.619163
0.0508375
-0.638546
-0.838943
0.452152
0.166953
-0.00723957
0.185174
0.415282
-0.862793
0.210112
0.899622
-0.0127493
-0.0627966
-0.842142
-0.222847
0.0595578
0.253693
0.637968
-0.0661239
-0.802903
0.911379
0.545615
0.975301
0.171589
-0.0463955
0.644638
-0.0810588
-0.249632
-0.505051
0.0646983
-0.912378
-0.482987
0.406878
-0.373402
-0.718935
-0.839525
0.863076
-0.742852
0.283011
-0.884956
0.257114
0.673745
-0.308984
0.993132
0.960796
-0.0291104
-0.806508
0.0331668
0.498113
0.712194
-0.000243407
-0.890112
0.494887
0.236815
0.796573
0.415459
0.998382
0.35067
-0.158564
0.716241
0.0839883
0.378994
-0.248387
-0.702738
-0.815101
-0.736517
0.502026
-0.504059
0.268205
0.302856
-0.460269
-0.920975
0.359388
0.978704
-0.08028
-0.478267
0.17241
0.833967
0.563881
0.568818
0.34142
-0.443705
-0.84714
-0.64939
0.723412
-0.752157
-0.133919
-0.659333
0.728114
0.589579
0.69046
0.160413
0.872477
-0.191292
0.906898
0.434269
-0.619421
0.455098
0.584821
0.209003
-0.310405
0.0395262
-0.997317
0.619396
-0.738227
0.750993
0.710287
0.157939
0.227944
-0.844925
0.157215
-0.276817
0.888062
-0.027028
-0.903986
0.736363
-0.605977
-0.850972
0.600062
-0.280628
0.372459
0.44022
-0.141191
0.706217
0.24453
-0.104067
-0.837686
-0.461875
0.952815
-0.474483
0.75805
-0.013663
0.81249
0.123549
0.140858
0.143328
-0.691968
0.299179
-0.669455
-0.420505
0.449339
-0.394165
0.270772
-0.484046
0.88896
0.729522
0.848953
-0.0837953
-0.143262
0.11341
-0.426758
-0.811619
0.614103
0.912673
0.999567
-0.892227
-0.0309472
0.839888
0.0870749
-0.37746
0.661687
0.355419
-0.966853
0.130764
-0.0263846
-0.0845334
-0.415495
-0.907408
-0.267369
0.78855
-0.0648343
0.699185
-0.428847
-0.788758
-0.386901
-0.156978
0.231204
-0.666118
0.0325281
0.516089
-0.971961
-0.00145057
0.795254
-0.477595
-0.753394
-0.225176
0.657367
0.325385
-0.265161
-0.541003
0.994089
0.53943
-0.913169
-0.432592
-0.124473
-0.30585
0.000301406
-0.280741
0.554073
0.448735
-0.13808
0.429844
-0.840365
-0.132056
0.049922
-0.459501
0.508974
0.696927
0.396327
-0.0220745
-0.285905
-0.142255
0.33537
0.580597
-0.745204
0.113428
-0.921825
-0.485084
-0.689226
0.559876
0.333714
0.207674
0.232097
0.500379
0.190839
-0.862121
0.996105
0.924933
0.440124
0.780172
-0.849934
-0.779465
-0.878645
-0.521493
0.34313
0.63865
0.684654
-0.229781
-0.173249
-0.0679327
0.0330311
-0.335916
0.393393
-0.342268
0.925362
-0.921371
-0.425972
0.585644
-0.141308
-0.445141
-0.0182493
0.221361
-0.79237
0.138839
-0.55459
0.238617
0.431675
-0.290107
-0.0104769
-0.426572
-0.483985
-0.864597
-0.562922
0.917384
0.960432
0.567938
-0.119727
-0.711154
0.180039
-0.996499
-0.171454
0.644013
-0.28831
0.496077
0.081657
0.374465
-0.635594
-0.61775
0.0159515
-0.488083
0.460804
0.134653
-0.00998718
0.548653
0.758573
0.00153972
0.807858
-0.710099
0.793643
-0.358992
-0.858696
-0.34322
-0.592211
-0.706637
0.281192
-0.703295
-0.000754164
0.615964
0.863894
-0.0452555
0.589945
0.797918
-0.16072
0.129369
0.273198
0.365165
0.790709
0.704665
-0.536325
-0.00500375
-0.830519
-0.107761
0.851461
-0.446064
-0.63416
0.826001
0.104796
-0.480591
-0.999767
0.412656
0.642485
-0.349744
-0.249529
0.941259
0.376742
-0.206142
-0.0928539
-0.885265
-0.9919
0.607026
0.208776
-0.301966
0.607288
0.735579
0.448091
0.367449
-0.587611
0.899782
0.196892
0.467708
-0.011676
-0.763481
0.415421
0.302751
-0.833046
-0.657137
0.434789
-0.478369
0.121111
0.116745
-0.364826
0.815063
0.701496
0.495573
-0.430452
-0.445523
0.551319
-0.294973
0.84074
-0.849682
0.747575
-0.30057
0.103986
0.0592882
0.588794
0.939311
0.566929
-0.905015
-0.468717
-0.246324
-0.62098
0.400656
0.425849
0.0843375
-0.582123
0.522962
0.145414
0.186851
0.620865
-0.654769
-0.296114
0.038284
-0.111254
0.434841
-0.351461
0.726485
-0.820482
-0.45402
0.559013
-0.50383
0.735969
0.930202
-0.946168
-0.505772
0.96745
-0.627281
0.408321
0.0309531
0.958818
0.0813425
-0.201487
0.623542
0.576807
-0.497909
-0.920265
0.138401
0.347188
0.314607
0.656614
0.417508
-0.592594
0.0242042
-0.244177
-0.00707526
-0.901728
0.271421
-0.809769
0.0399308
0.290566
0.506328
0.98578
0.110815
-0.129189
-0.0860975
0.619973
0.21732
0.881384
-0.110069
-0.259767
-0.848321
0.869173
-0.668924
-0.874297
0.336387
0.517341
0.905854
0.458954
-0.402013
0.405848
-0.603197
0.624466
0.688593
-0.324339
-0.169788
0.917629
-0.406083
0.954011
-0.762475
0.0445935
-0.335792
-0.923095
-0.415277
-0.638481
-0.130113
-0.259041
-0.597947
0.402112
-0.709
-0.833924
-0.322786
0.462709
0.667496
-0.0198409
0.595074
0.189601
-0.282948
0.431638
0.992102
-0.881399
-0.842812
0.0237771
0.388642
0.333849
-0.137363
0.544823
-0.0102734
0.976969
0.161445
-0.740482
-0.112449
-0.344773
0.396148
-0.925287
0.233097
0.68736
0.646879
-0.6488
-0.163233
0.313422
-0.44864
-0.028873
0.0359821
0.677723
-0.798385
-0.501828
0.64597
-0.845184
0.724808
0.604459
-0.0377506
0.407465
-0.0970745
-0.0458122
-0.183619
-0.220248
-0.775448
0.134346
-0.278624
0.487087
0.443205
0.15227
-0.0288536
-0.543626
0.109519
-0.138984
-0.330069
0.867403
0.328196
-0.324564
0.268297
0.777647
-0.221132
-0.992588
0.69846
-0.125629
-0.411845
0.0931943
-0.250373
0.0397598
-0.211848
0.98532
-0.682908
0.852308
0.692786
-0.859778
0.66306
-0.496709
0.62125
0.575182
0.927678
-0.154809
-0.485527
-0.457724
-0.77887
-0.0130831
-0.154467
0.247485
-0.763729
-0.0561823
-0.665588
0.880057
0.477463
-0.846366
0.930339
-0.702364
-0.0911994
0.378978
0.523526
0.610331
-0.0852319
0.0348158
-0.325204
-0.359674
-0.319575
0.9176
-0.0487789
-0.823036
-0.294387
-0.495983
0.137626
-0.368697
-0.620045
0.0380085
-0.794963
0.766051
0.726924
0.437553
-0.15843
0.173089
0.987933
-0.891967
0.227057
-0.514404
-0.184086
0.15096
0.163119
-0.300614
-0.903093
-0.177639
0.393173
-0.276404
0.743175
-0.501702
-0.900562
0.337459
0.963569
0.620844
-0.570863
-0.718022
-0.835812
0.315337
0.103814
0.137191
0.111524
0.87946
0.720484
0.707132
