0.605656
-6.01482
-1.97881
6.2877
-1.25734
-5.02421
5.4621
5.24187
-3.84411
4.04863
-0.431056
5.8438
-8.28314
-8.4988
-6.73153
-4.00442
8.11308
4.19372
-7.00575
5.3088
-7.51437
-9.92543
1.03027
9.96399
-6.82016
-6.77644
-9.23621
-1.48277
6.92255
7.75209
-4.70575
-4.58434
9.05333
3.50263
6.20433
-6.3208
-8.11088
6.31807
0.490353
-2.38322
-1.7601
-4.88929
8.89792
8.00247
-0.842169
6.82614
-4.394
-2.29129
-0.961971
7.50867
-6.8117
2.98573
-1.49086
3.59901
-3.00941
2.01433
-4.44271
2.9964
-1.28483
5.75245
-3.92205
-8.4484
2.71792
3.34699
4.95507
-3.47762
-2.51047
0.812989
-9.2972
-3.72951
6.31988
3.3974
2.93099
-8.1396
6.13758
6.36805
7.4062
-9.68312
6.43525
-4.53171
4.85739
7.56674
-4.93605
-5.78905
-0.591076
-6.29929
2.03534
1.0091
0.472649
-5.76099
5.57779
-9.96697
-1.71622
5.56347
-3.33585
5.97475
7.88579
6.96559
8.70901
-0.665653
6.88875
-9.24281
4.4951
1.16311
7.18373
-7.22732
0.901389
6.6582
-6.52895
-7.9308
-4.64302
-7.44687
-5.51333
0.540432
2.53144
-2.79825
-0.619703
2.35205
9.78177
-7.92558
3.83149
1.24716
2.72414
0.810298
4.94728
0.300868
-9.21183
-5.97014
-8.55319
-1.11213
4.60264
1.8332
-3.56117
1.54888
1.98526
-7.22927
1.654
-5.4935
8.05471
-1.03784
3.9678
0.368335
2.44551
3.4007
-6.39228
5.35219
-0.3816
-7.0446
-8.24526
5.90254
5.20182
7.80927
5.83477
-4.39757
-9.86472
-1.04415
-4.92413
9.53506
2.27881
-1.12552
2.15843
-3.16792
6.00895
-4.06859
-8.70509
-2.27462
8.6129
2.51615
1.06698
-6.26662
-8.53277
-8.16612
7.09235
2.17771
6.2056
6.66068
-1.13898
6.49603
0.521196
-0.205504
4.53592
-2.1987
-3.67425
-5.23633
8.10128
-9.19263
-3.33657
-2.45287
8.53995
3.08313
1.90121
-3.81378
8.90485
-9.46018
4.92584
2.315
-8.43238
9.50569
3.76305
9.66259
6.24846
2.68221
-2.86162
0.0302035
-4.81226
-6.40448
1.05915
0.60739
2.7394
-0.652008
1.07859
4.16199
3.38164
-2.51234
-5.3408
-7.70235
-1.3195
2.90979
-4.22818
-0.335603
-0.174763
-8.59609
6.55369
-2.03354
8.29482
-1.87325
-0.904359
4.51768
8.78391
2.49139
5.42196
-7.41088
2.59439
-4.30065
0.341184
4.83433
-3.09448
2.79409
-5.81254
5.50271
6.70549
-8.26554
-2.49729
6.54886
9.42815
-5.00673
4.68014
0.170234
1.53391
-6.70727
-6.98125
7.72702
1.30025
-3.00401
-8.68793
-9.75142
5.21855
6.97564
6.89564
7.76304
4.68695
-0.78823
-5.09025
-8.44602
6.38065
-5.5754
-2.22318
8.14693
1.22668
5.26901
-6.57433
9.3598
4.18061
-8.27263
4.04683
0.650797
-3.96039
5.21981
-0.160659
-8.8519
3.17998
-6.0276
-1.33768
4.68522
2.31637
-2.34627
-4.37149
-2.99221
-0.326132
7.92895
-4.01533
8.52334
-0.351618
0.829693
-3.73205
2.79777
8.82712
0.805764
-8.65721
-2.85567
0.228108
-9.34528
6.50685
-5.777
-5.89471
-7.05608
4.74165
-9.95614
7.67391
0.212999
9.38593
-9.54791
-5.1767
2.10266
3.52591
-0.616497
-3.19375
-1.31291
7.45237
-0.000175124
4.73235
8.92607
5.73177
4.37998
-3.86247
3.87147
-9.36849
9.15233
4.80251
2.20648
5.3249
-6.0108
-0.0280232
6.93598
-9.98513
5.94189
3.62916
-5.59554
-6.8152
1.77647
7.84776
5.46639
9.91314
-5.31492
-4.42769
-5.95806
6.28976
-1.21288
8.08681
-3.95506
1.5589
-0.188052
9.1349
-1.48919
3.03528
-2.0227
-3.65597
-1.37595
-1.85175
7.35768
-9.02729
6.73436
1.63618
-1.40641
-8.58435
-5.63605
-3.61452
-1.33059
8.16396
4.05574
-7.02015
8.3219
-7.49932
-3.38282
-1.89521
-8.08093
-9.21303
-9.63515
9.25333
-2.25422
-1.17515
2.63838
8.84925
-9.21394
9.38158
0.777329
0.357115
-7.93678
7.68382
6.78194
8.38986
-3.41658
-6.16791
6.80837
8.77106
-8.55967
3.21242
-7.57872
4.6888
7.46327
7.4374
-8.55245
-4.97879
1.30369
-5.47687
8.39611
1.27598
9.48236
2.47741
6.90751
-3.88776
-2.60056
9.94425
-5.43809
9.93297
9.53758
0.797041
-9.7736
0.501528
-0.669177
4.11808
-8.31283
-1.5201
-1.77485
0.581125
-7.79621
-1.95842
-3.37699
5.58526
3.2682
9.68604
-5.4134
7.74432
-8.60868
9.0688
0.205214
-3.49515
-3.39521
-0.415445
8.85543
6.21449
8.05716
9.23555
2.96241
0.635993
-5.65898
1.20837
-7.63063
0.984145
-8.00257
6.25455
7.64441
-0.963754
-7.50974
7.8633
-9.73537
1.776
-8.49367
-0.375762
-3.90409
4.65218
4.34777
-8.03682
-2.64516
-5.32321
1.05345
5.20157
1.80332
-4.7403
-9.89124
-6.23217
5.77438
-1.16286
6.74151
4.5394
-9.07052
-1.17742
0.448968
-1.28093
8.66657
-5.91448
-4.26751
6.60123
9.47109
-2.46479
-5.26606
8.93587
-5.04208
-9.01583
3.06183
-7.88645
2.93914
6.7803
-5.47253
-4.1165
4.88171
-5.18315
-6.1046
5.17197
-5.38557
-4.58833
6.70818
-4.65858
9.90441
-3.52483
-6.5535
4.37037
3.30762
-1.47477
-7.80694
-3.70309
5.0968
-9.88161
5.52803
6.10185
-1.42582
9.28548
0.859145
-5.425
-7.24906
5.52672
-0.792105
-3.49739
-6.52902
-5.06739
-6.63335
-3.70592
-9.36315
-6.57379
-9.64682
-7.15102
6.60116
-0.355256
4.593
-3.9068
5.73358
-2.86391
9.35189
3.23368
5.66794
4.00107
4.96869
-9.96718
2.0623
8.83996
5.6517
-3.14276
-2.81761
-4.25597
-1.63594
8.68983
-4.11201
-0.792205
-2.7373
-0.6572
3.88421
4.14648
-4.17894
-5.58419
-3.64558
7.4475
9.28946
0.542193
-2.17442
5.25109
5.08488
-0.414921
-5.27569
8.67134
5.15104
5.82585
-6.61624
-2.92884
7.67689
-3.38558
2.61948
-8.15657
-9.74308
1.1485
5.8937
3.05395
7.55254
7.38165
9.86921
2.37498
-6.1627
-5.5966
-5.48254
-7.88334
3.80556
-7.19272
7.75698
-0.237252
-0.683547
-6.78094
-8.85638
9.24697
-6.33304
-7.30848
0.165773
7.67192
5.6337
4.51115
-2.65667
-3.25618
-0.306272
-0.755297
8.29782
-4.62547
-2.21849
7.3047
0.387542
-4.29072
-6.22
2.36415
-3.81574
-7.1057
1.79136
-6.25319
-1.2335
-0.62305
4.44443
-8.32642
1.77362
-2.06756
9.87203
1.89393
-2.09694
3.03818
1.80635
-2.42724
9.18027
6.52404
-6.44045
8.24451
9.45032
7.19475
-1.35256
-6.22887
9.71293
2.76061
1.68705
9.54664
-9.45867
3.60344
3.81904
7.54927
4.44373
-3.8503
3.13055
-2.2516
-7.59072
-2.02436
-1.95175
-7.09686
-5.86105
9.92212
-4.51539
-4.64716
1.11188
3.60883
8.83882
-6.77507
-5.54104
-5.55171
3.81944
9.92014
-1.61144
-2.70847
-6.22325
-2.95242
3.87899
-6.25234
9.80741
4.9903
1.68196
-5.48983
8.14952
-6.97018
-0.705572
-8.92945
6.49313
9.4878
-9.19837
8.19421
-6.8146
-0.335882
-3.22429
-8.13413
-5.96336
-3.32937
5.75609
-5.96084
7.03682
-4.39888
-9.24801
3.3137
-7.35114
8.71059
4.23959
-2.38986
7.70042
1.07247
0.581774
-3.19284
9.22938
7.41975
0.749918
-1.65132
9.4589
8.1135
-6.28729
-9.31626
1.33585
3.14052
7.81419
0.904775
-0.151114
8.12687
7.91902
7.62322
-9.64415
1.06873
8.88869
-4.02801
-4.27169
9.2517
7.03196
8.74463
-8.60021
8.99983
1.28554
6.71038
-6.28508
-2.34583
-4.04294
-2.79753
8.13021
-5.27339
-7.4766
-1.7111
9.091
8.28977
-1.40051
-9.4322
-2.19103
-0.0926841
0.738966
-7.54675
8.56268
-1.06945
9.72277
-0.0176635
-5.85405
-3.77333
6.36364
-2.18422
-9.61544
-6.25441
-3.97044
-0.672851
-2.56186
-5.60174
-3.07614
1.37662
5.27925
-3.6649
2.2163
0.354942
2.10755
6.88147
6.56262
9.81043
9.07851
-0.756176
9.49145
-1.0006
2.82054
-8.86463
9.17969
8.20392
6.28792
0.729513
6.74282
-6.04454
2.82365
-8.85211
-9.8153
-6.92138
3.80813
9.61557
9.02425
-5.14248
8.40461
9.45815
-0.505929
9.89129
-6.72966
3.1738
-8.49151
3.45089
-4.87027
3.95659
4.10375
-6.13257
-0.242164
2.61937
2.79014
3.49231
0.570593
-8.40279
4.85566
-1.06422
5.89746
5.72578
-3.15448
9.90583
-6.65006
-6.52984
4.95128
9.84544
5.65421
7.02023
1.19021
-1.84667
-6.3773
-2.93659
-1.47623
4.57677
1.21865
3.94916
-1.98455
-1.65259
-2.98363
3.18828
-9.12553
0.350882
-6.60285
-7.96391
2.20736
1.19054
-2.78063
5.61465
8.07132
-9.09906
3.95751
8.08726
7.64833
0.452648
-5.59184
-7.59727
0.167518
-5.77634
2.67464
3.08061
8.99406
-5.83088
-0.202556
-6.62971
5.569
3.95774
-3.47017
-2.04852
7.02075
-1.73102
6.44869
-3.77094
6.03291
-8.17821
-7.32959
1.60488
-7.58492
6.26836
1.57576
2.1942
6.15408
6.04211
7.38672
0.891945
-0.589599
3.11167
7.21878
-7.09824
-9.29494
2.30384
8.17646
-0.845394
-1.19265
-8.2354
9.42449
8.235
-5.3206
3.9161
-2.50914
-7.84355
-7.0298
5.67793
-0.483351
-3.42254
3.72
-5.46515
5.0391
-4.45999
-9.44614
6.82758
3.79613
5.57743
-2.87751
9.06932
5.78224
9.55503
-0.886683
-0.727922
-8.05664
-1.68266
2.72828
0.244085
9.58232
-9.288
0.124735
7.29717
3.27666
-3.75652
-9.921
-8.34117
-0.0150585
-5.42985
-6.46316
-4.86538
-8.48516
-3.82134
0.986814
-6.27546
-5.17165
-4.02173
-3.22417
3.43479
1.49508
2.24163
9.27519
-8.87489
8.23999
5.13049
-9.9339
1.37662
0.120951
4.45405
5.51372
-4.72976
-3.54045
1.46834
-8.4291
-5.08853
9.32467
-6.76922
9.86259
8.70092
-2.46387
-5.20115
-3.80418
6.51936
-5.95245
7.31422
1.00322
-9.26434
-9.91788
-6.79711
9.12584
-8.61807
-6.13105
-1.3331
7.03679
-2.30211
4.73564
-0.595377
-0.818347
2.33264
0.505564
6.72557
5.86578
6.92917
7.357
-7.19471
-2.55039
6.16494
-6.89786
8.69074
3.02911
-0.975164
2.32048
3.58299
-9.01771
2.25017
-2.10244
-9.42818
-0.121876
0.03718
-4.2605
7.06939
-5.7052
8.09893
-7.01519
7.41807
1.80676
8.53536
-0.372594
1.9114
8.38568
-5.93354
5.89221
7.63415
5.87021
-7.69465
-5.3193
9.19649
5.41653
-7.26481
7.26495
8.21419
8.97114
3.54364
3.70751
9.77775
2.15107
-9.35882
-6.36353
8.38298
-3.12359
8.94235
6.5917
9.71257
-6.64264
-7.54081
2.5654
9.0237
-1.73279
-9.10583
-9.70176
-2.94886
7.79957
-4.13713
1.76659
2.39994
8.13701
8.37155
3.30228
6.44574
1.12367
-3.00352
-1.24623
5.79315
-5.25693
6.13685
7.29634
-0.449132
5.74867
6.61162
0.189853
7.45348
-1.111
3.04699
-8.77653
0.574646
7.75276
-8.17356
0.912147
-5.21028
-6.82879
1.39529
2.77807
4.03649
8.86359
9.15663
7.63952
-6.58406
9.80926
1.17055
2.62843
-8.3509
5.19271
-1.46303
-7.5869
-2.56689
4.96249
3.38194
7.28404
-4.34569
-6.43457
-2.68829
-0.0662205
9.51374
9.9469
-2.27039
8.24256
-4.36415
-5.35623
-8.83935
-8.55249
-4.38688
-2.98656
1.19578
-8.66681
-1.44822
-3.06071
9.13675
-4.90494
-5.60311
0.583597
2.73933
-6.05316
-1.842
-0.931555
-7.80073
-3.01934
1.63788
4.51395
2.21365
5.51867
-4.39637
-2.11117
8.92126
-2.75885
-7.62088
-3.43678
-5.6469
1.97165
8.80605
-7.03272
3.7558
-8.16485
4.60014
9.1236
8.56828
-7.89036
-5.22826
6.34971
-3.61639
9.39504
5.05716
7.95336
-2.57955
-9.60599
6.73848
-5.42266
-4.90527
2.56169
-4.01653
-6.70074
-0.39036
6.60613
-8.19005
5.79599
3.15754
-4.16915
-9.4204
-1.04306
-8.34357
5.64263
-7.60216
-1.47
-3.32683
8.98674
-5.28214
8.01331
-4.57473
-1.5571
-8.48963
5.26015
7.18916
-3.79224
0.756489
8.31964
6.68408
-8.72016
0.537581
-5.35414
4.95576
-4.8501
7.01823
-6.64372
3.32459
-7.30029
-3.16959
6.22675
5.50047
3.70843
0.872763
0.67141
-3.27714
7.90089
-2.72402
5.38146
-9.25251
8.83894
-1.74794
-4.96307
-7.61082
-0.196796
-8.27763
5.54036
1.4712
-4.07044
7.56011
6.75783
9.25987
8.87506
7.38749
3.42574
8.70035
1.05099
-7.42282
-9.12555
1.84954
7.59038
1.56196
6.53374
-3.35636
-7.08605
6.56755
6.40081
-5.14737
0.218105
0.764478
1.7438
-3.71495
-5.26476
3.24949
-7.64612
0.996031
-5.19769
5.95632
-0.763292
-7.82523
-6.80511
-3.18943
-1.99266
-3.81669
9.50148
4.88363
3.98405
6.02087
0.845102
0.497761
7.68302
-2.50473
-2.00214
7.56416
0.396866
0.985637
-0.243244
7.14626
-3.7342
6.66971
0.069786
8.49881
8.55503
8.52784
-9.40887
-1.35118
-5.85688
4.59484
2.54889
8.89428
4.26292
-9.6814
9.83207
-0.0990756
1.7041
-1.78663
-0.205692
-4.96561
5.97996
9.71386
-1.03059
-4.75117
8.06248
6.29647
-0.0386097
-3.1061
0.885137
-0.0907889
9.65967
9.12876
4.52174
-1.58383
-6.07398
1.09778
7.86359
8.05029
2.80609
-2.12327
-9.45236
7.05742
-4.47299
4.80899
-5.37321
3.35084
0.151842
-6.8134
-9.19078
7.1594
-5.41995
0.246157
-9.72685
-4.35721
6.24333
-4.76187
8.07877
-9.93888
-0.87486
-2.30114
9.894
-7.50811
2.77293
7.82873
-5.88397
-1.89597
-4.76193
7.17016
-5.76117
-1.8045
-3.38621
-2.67279
4.64769
-8.95833
5.85351
-6.96249
-8.38001
-8.42815
-8.69288
-5.91629
6.04315
0.543378
3.10751
-7.12111
-7.19411
-6.24508
-2.01312
3.40786
-6.85752
-5.85229
7.9106
-2.07126
5.37965
3.59721
4.63819
7.97272
6.33036
-4.28668
1.35678
-5.71665
-6.13555
1.9481
0.496215
-3.79734
9.57266
7.48051
3.24827
6.62042
-3.84702
-8.83907
1.91366
-2.08015
-0.798837
-3.27901
8.15214
6.29644
-2.01732
-5.79101
-7.24618
6.10366
-4.52015
1.97462
-6.72663
8.55189
-2.43304
7.15645
-2.13517
-8.85042
8.98476
5.64803
1.45878
4.6312
-1.81077
7.11483
-9.4817
3.84506
5.65922
-1.74943
7.95269
4.76069
7.04141
6.19163
0.508375
-6.38546
-8.38943
4.52152
1.66953
-0.0723957
1.85174
4.15282
-8.62793
2.10112
8.99622
-0.127493
-0.627966
-8.42142
-2.22847
0.595578
2.53693
6.37968
-0.661239
-8.02903
9.11379
5.45615
9.75301
1.71589
-0.463955
6.44638
-0.810588
-2.49632
-5.05051
0.646983
-9.12378
-4.82987
4.06878
-3.73402
-7.18935
-8.39525
8.63076
-7.42852
2.83011
-8.84956
2.57114
6.73745
-3.08984
9.93132
9.60796
-0.291104
-8.06508
0.331668
4.98113
7.12194
-0.00243407
-8.90112
4.94887
2.36815
7.96573
4.15459
9.98382
3.5067
-1.58564
7.16241
0.839883
3.78994
-2.48387
-7.02738
-8.15101
-7.36517
5.02026
-5.04059
2.68205
3.02856
-4.60269
-9.20975
3.59388
9.78704
-0.8028
-4.78267
1.7241
8.33967
5.63881
5.68818
3.4142
-4.43705
-8.4714
-6.4939
7.23412
-7.52157
-1.33919
-6.59333
7.28114
5.89579
6.9046
1.60413
8.72477
-1.91292
9.06898
4.34269
-6.19421
4.55098
5.84821
2.09003
-3.10405
0.395262
-9.97317
6.19396
-7.38227
7.50993
7.10287
1.57939
2.27944
-8.44925
1.57215
-2.76817
8.88062
-0.27028
-9.03986
7.36363
-6.05977
-8.50972
6.00062
-2.80628
3.72459
4.4022
-1.41191
7.06217
2.4453
-1.04067
-8.37686
-4.61875
9.52815
-4.74483
7.5805
-0.13663
8.1249
1.23549
1.40858
1.43328
-6.91968
2.99179
-6.69455
-4.20505
4.49339
-3.94165
2.70772
-4.84046
8.8896
7.29522
8.48953
-0.837953
-1.43262
1.1341
-4.26758
-8.11619
6.14103
9.12673
9.99567
-8.92227
-0.309472
8.39888
0.870749
-3.7746
6.61687
3.55419
-9.66853
1.30764
-0.263846
-0.845334
-4.15495
-9.07408
-2.67369
7.8855
-0.648343
6.99185
-4.28847
-7.88758
-3.86901
-1.56978
2.31204
-6.66118
0.325281
5.16089
-9.71961
-0.0145057
7.95254
-4.77595
-7.53394
-2.25176
6.57367
3.25385
-2.65161
-5.41003
9.94089
5.3943
-9.13169
-4.32592
-1.24473
-3.0585
0.00301406
-2.80741
5.54073
4.48735
-1.3808
4.29844
-8.40365
-1.32056
0.49922
-4.59501
5.08974
6.96927
3.96327
-0.220745
-2.85905
-1.42255
3.3537
5.80597
-7.45204
1.13428
-9.21825
-4.85084
-6.89226
5.59876
3.33714
2.07674
2.32097
5.00379
1.90839
-8.62121
9.96105
9.24933
4.40124
7.80172
-8.49934
-7.79465
-8.78645
-5.21493
3.4313
6.3865
6.84654
-2.29781
-1.73249
-0.679327
0.330311
-3.35916
3.93393
-3.42268
9.25362
-9.21371
-4.25972
5.85644
-1.41308
-4.45141
-0.182493
2.21361
-7.9237
1.38839
-5.5459
2.38617
4.31675
-2.90107
-0.104769
-4.26572
-4.83985
-8.64597
-5.62922
9.17384
9.60432
5.67938
-1.19727
-7.11154
1.80039
-9.96499
-1.71454
6.44013
-2.8831
4.96077
0.81657
3.74465
-6.35594
-6.1775
0.159515
-4.88083
4.60804
1.34653
-0.0998718
5.48653
7.58573
0.0153972
8.07858
-7.10099
7.93643
-3.58992
-8.58696
-3.4322
-5.92211
-7.06637
2.81192
-7.03295
-0.00754164
6.15964
8.63894
-0.452555
5.89945
7.97918
-1.6072
1.29369
2.73198
3.65165
7.90709
7.04665
-5.36325
-0.0500375
-8.30519
-1.07761
8.51461
-4.46064
-6.3416
8.26001
1.04796
-4.80591
-9.99767
4.12656
6.42485
-3.49744
-2.49529
9.41259
3.76742
-2.06142
-0.928539
-8.85265
-9.919
6.07026
2.08776
-3.01966
6.07288
7.35579
4.48091
3.67449
-5.87611
8.99782
1.96892
4.67708
-0.11676
-7.63481
4.15421
3.02751
-8.33046
-6.57137
4.34789
-4.78369
1.21111
1.16745
-3.64826
8.15063
7.01496
4.95573
-4.30452
-4.45523
5.51319
-2.94973
8.4074
-8.49682
7.47575
-3.0057
1.03986
0.592882
5.88794
9.39311
5.66929
-9.05015
-4.68717
-2.46324
-6.2098
4.00656
4.25849
0.843375
-5.82123
5.22962
1.45414
1.86851
6.20865
-6.54769
-2.96114
0.38284
-1.11254
4.34841
-3.51461
7.26485
-8.20482
-4.5402
5.59013
-5.0383
7.35969
9.30202
-9.46168
-5.05772
9.6745
-6.27281
4.08321
0.309531
9.58818
0.813425
-2.01487
6.23542
5.76807
-4.97909
-9.20265
1.38401
3.47188
3.14607
6.56614
4.17508
-5.92594
0.242042
-2.44177
-0.0707526
-9.01728
2.71421
-8.09769
0.399308
2.90566
5.06328
9.8578
1.10815
-1.29189
-0.860975
6.19973
2.1732
8.81384
-1.10069
-2.59767
-8.48321
8.69173
-6.68924
-8.74297
3.36387
5.17341
9.05854
4.58954
-4.02013
4.05848
-6.03197
6.24466
6.88593
-3.24339
-1.69788
9.17629
-4.06083
9.54011
-7.62475
0.445935
-3.35792
-9.23095
-4.15277
-6.38481
-1.30113
-2.59041
-5.97947
4.02112
-7.09
-8.33924
-3.22786
4.62709
6.67496
-0.198409
5.95074
1.89601
-2.82948
4.31638
9.92102
-8.81399
-8.42812
0.237771
3.88642
3.33849
-1.37363
5.44823
-0.102734
9.76969
1.61445
-7.40482
-1.12449
-3.44773
3.96148
-9.25287
2.33097
6.8736
6.46879
-6.488
-1.63233
3.13422
-4.4864
-0.28873
0.359821
6.77723
-7.98385
-5.01828
6.4597
-8.45184
7.24808
6.04459
-0.377506
4.07465
-0.970745
-0.458122
-1.83619
-2.20248
-7.75448
1.34346
-2.78624
4.87087
4.43205
1.5227
-0.288536
-5.43626
1.09519
-1.38984
-3.30069
8.67403
3.28196
-3.24564
2.68297
7.77647
-2.21132
-9.92588
6.9846
-1.25629
-4.11845
0.931943
-2.50373
0.397598
-2.11848
9.8532
-6.82908
8.52308
6.92786
-8.59778
6.6306
-4.96709
6.2125
5.75182
9.27678
-1.54809
-4.85527
-4.57724
-7.7887
-0.130831
-1.54467
2.47485
-7.63729
-0.561823
-6.65588
8.80057
4.77463
-8.46366
9.30339
-7.02364
-0.911994
3.78978
5.23526
6.10331
-0.852319
0.348158
-3.25204
-3.59674
-3.19575
9.176
-0.487789
-8.23036
-2.94387
-4.95983
1.37626
-3.68697
-6.20045
0.380085
-7.94963
7.66051
7.26924
4.37553
-1.5843
1.73089
9.87933
-8.91967
2.27057
-5.14404
-1.84086
1.5096
1.63119
-3.00614
-9.03093
-1.77639
3.93173
-2.76404
7.43175
-5.01702
-9.00562
3.37459
9.63569
6.20844
-5.70863
-7.18022
-8.35812
3.15337
1.03814
1.37191
1.11524
8.7946
7.20484
7.07132
