-0.0728538
0.354806
-1.32333
0.436333
0.361653
-0.905948
-0.11949
-0.599268
0.611069
-1.44085
0.571642
0.26701
-1.3351
-0.645612
1.34364
-1.41281
-1.05281
-0.151931
1.21817
0.839601
-1.33233
-0.723424
-1.14165
0.896177
-0.555119
-0.953318
-0.374844
-1.27346
0.547895
-1.49399
1.11558
-1.21888
0.292263
-0.0338078
0.798205
0.100771
-1.50822
0.349592
1.10558
-0.209228
-1.47397
0.63623
0.326471
-0.270969
1.24038
-0.227626
-1.44422
-0.712231
0.394433
-1.16562
-1.11625
-1.32299
0.0778046
-1.39956
0.502706
-0.337162
-0.472426
1.40267
-0.450446
-1.39264
-0.677902
-0.874303
-1.20724
0.258301
-0.973476
-0.281117
-1.49824
-1.06306
-0.181908
-0.504259
1.49339
-1.31413
-1.33003
0.355564
-1.05521
-0.256575
1.01877
0.806474
0.292201
-0.381004
-1.54202
0.00242883
1.44083
-0.461701
0.540665
0.724526
-1.42716
1.34445
0.246309
-1.23308
1.12437
-0.375586
-0.610915
-1.16116
-1.26679
-0.631658
-1.39615
-1.15616
-1.40826
1.44163
-0.511905
-1.48802
-1.47176
1.40613
-0.395692
1.14598
1.27828
-1.48978
0.259546
0.995167
-0.241043
0.133628
0.702457
1.41895
-1.11798
0.644022
0.943954
-1.38954
1.14059
1.21704
-0.888816
0.569698
-1.3247
-0.597693
-0.736223
1.06932
0.882308
-1.13103
0.442168
1.42855
-0.0459914
-0.716349
0.256984
-1.46471
1.48397
1.48219
-1.45204
-0.173174
-1.43787
0.835123
-1.40063
-0.84186
-0.559519
0.853007
-1.43763
-1.16147
0.217505
-1.06155
-1.18248
-0.879635
-1.27911
-0.282884
-1.07376
0.493369
0.121496
0.637389
0.0433647
0.379947
-0.758929
-1.42896
-0.228915
1.33099
1.39921
0.683514
0.0928644
0.515724
-1.49892
1.4077
1.15962
-1.42492
-1.45125
1.48037
-0.599592
-0.727525
1.08648
1.26907
-1.35156
1.47389
1.41602
-0.179387
-0.559156
-1.42366
-0.992762
-0.525642
1.27527
1.31766
-0.603482
-0.320137
-0.310243
-0.194592
0.778199
-1.15973
-1.22219
0.0244616
1.26939
1.37598
1.2354
0.809378
1.1405
1.03339
