0.496728
1.0906
0.675409
-1.07856
-0.00753592
-0.473561
-0.0618505
-1.61535
0.421739
-1.45567
0.0197722
0.454983
0.829639
1.66217
0.142858
-0.273893
-0.199067
1.02698
0.327796
1.4809
-0.240692
-0.500632
-1.52262
1.45969
-1.2111
-1.56772
0.534548
0.848762
1.52339
0.747377
-0.747632
0.655162
-1.09697
1.03478
1.14613
-0.612757
-0.34439
1.54383
-0.7547
1.60701
-1.37355
0.0278687
-0.632644
-1.65246
-0.770665
-1.15824
-0.275497
-0.499372
-1.08786
0.648675
-1.28069
-1.49762
-0.61006
0.753897
1.1095
-0.0840172
0.98374
0.279664
-0.540884
0.699945
1.67315
-1.58005
-1.51305
-0.00827755
0.625285
0.530141
-0.288086
0.896482
-0.0674039
1.64687
0.230773
-1.33536
-0.244825
-0.648239
0.638319
-1.65626
0.355192
1.14399
1.0737
-1.17616
-0.333008
0.494671
-0.828597
-0.0997008
0.0129156
1.12725
-1.4359
-0.920954
1.07212
-1.51717
1.20901
1.00004
-0.115116
0.65797
-0.218128
-0.129115
-0.368406
-0.43201
-1.39608
0.183718
-0.533376
0.796228
0.72003
0.214841
-0.0996671
-0.993534
0.140607
-0.290901
-0.622707
1.45662
0.520325
-0.613148
0.416314
1.30077
-0.433545
-1.77312
1.16326
-0.267711
-0.764705
0.112261
-0.48432
0.0194753
-0.417424
1.66137
-1.23539
1.43041
1.15341
-1.54251
1.10179
-0.912065
1.02919
0.949199
1.56128
-0.31838
-0.892649
-0.844371
-1.40202
-0.0722827
-0.317786
0.380176
-1.37573
-0.147121
-1.20531
1.47859
0.779517
-1.51922
1.5659
-1.26917
-0.207926
0.608504
0.859502
1.01023
-0.197564
0.0108904
-0.614259
-0.674114
-0.604485
1.54378
-0.134266
-1.47871
-0.560747
-0.910805
0.189413
-0.689782
-1.12623
0.0164343
-1.42996
1.28063
1.21269
0.710216
-0.324668
0.250992
1.66591
-1.5984
0.344704
-0.942792
-0.369217
0.212567
0.23368
-0.57156
-1.61772
-0.358023
0.633153
-0.529521
1.24091
-0.920736
-1.61333
0.536409
1.62361
1.02849
-1.04083
-1.29636
-1.50089
0.497996
0.130701
0.188658
0.144089
1.47756
1.20151
1.17832
